{
  "metrics": {
    "accuracy": 0.75,
    "f1_weighted": 0.7507354601805976,
    "f1_macro": 0.7463950166496988,
    "precision_weighted": 0.7546609617260284,
    "recall_weighted": 0.75,
    "per_class": {
      "metal": {
        "precision": 0.6285714285714286,
        "recall": 0.6285714285714286,
        "f1": 0.6285714285714286,
        "support": 105
      },
      "plastic": {
        "precision": 0.8161764705882353,
        "recall": 0.7350993377483444,
        "f1": 0.7735191637630662,
        "support": 151
      },
      "glass": {
        "precision": 0.8584905660377359,
        "recall": 0.8666666666666667,
        "f1": 0.8625592417061612,
        "support": 105
      },
      "paper": {
        "precision": 0.6666666666666666,
        "recall": 0.7848101265822784,
        "f1": 0.7209302325581395,
        "support": 79
      }
    },
    "support": {
      "metal": 105,
      "plastic": 151,
      "glass": 105,
      "paper": 79
    }
  },
  "predictions": [
    2,
    2,
    2,
    2,
    2,
    2,
    2,
    2,
    2,
    2,
    2,
    2,
    2,
    2,
    2,
    2,
    2,
    2,
    2,
    2,
    1,
    2,
    1,
    0,
    1,
    3,
    1,
    1,
    1,
    1,
    1,
    1,
    1,
    1,
    1,
    1,
    1,
    3,
    3,
    0,
    2,
    2,
    2,
    0,
    0,
    0,
    0,
    0,
    2,
    2,
    2,
    2,
    2,
    0,
    2,
    1,
    1,
    1,
    1,
    1,
    1,
    1,
    1,
    1,
    1,
    1,
    3,
    1,
    1,
    1,
    1,
    0,
    1,
    3,
    3,
    1,
    1,
    1,
    0,
    0,
    3,
    1,
    0,
    2,
    2,
    0,
    0,
    0,
    0,
    0,
    3,
    0,
    2,
    0,
    0,
    0,
    2,
    1,
    1,
    3,
    1,
    1,
    1,
    1,
    1,
    3,
    2,
    2,
    2,
    2,
    3,
    0,
    0,
    0,
    1,
    0,
    0,
    0,
    0,
    0,
    0,
    0,
    0,
    0,
    0,
    0,
    0,
    0,
    0,
    0,
    1,
    1,
    3,
    1,
    1,
    1,
    1,
    1,
    1,
    1,
    1,
    3,
    1,
    2,
    2,
    2,
    2,
    2,
    2,
    2,
    2,
    2,
    2,
    2,
    1,
    0,
    3,
    3,
    3,
    3,
    1,
    3,
    3,
    3,
    0,
    3,
    3,
    2,
    3,
    3,
    0,
    3,
    2,
    2,
    3,
    0,
    0,
    3,
    3,
    3,
    3,
    3,
    1,
    3,
    3,
    2,
    0,
    2,
    1,
    1,
    0,
    0,
    1,
    2,
    2,
    2,
    2,
    2,
    2,
    2,
    2,
    3,
    3,
    3,
    3,
    3,
    0,
    2,
    3,
    3,
    3,
    3,
    3,
    3,
    3,
    3,
    3,
    0,
    1,
    0,
    0,
    1,
    3,
    1,
    1,
    3,
    1,
    3,
    1,
    1,
    1,
    0,
    3,
    3,
    0,
    1,
    0,
    2,
    3,
    1,
    3,
    1,
    3,
    0,
    3,
    0,
    3,
    3,
    3,
    0,
    3,
    0,
    2,
    0,
    0,
    3,
    3,
    2,
    3,
    0,
    1,
    0,
    3,
    2,
    3,
    0,
    0,
    0,
    1,
    0,
    0,
    1,
    3,
    0,
    2,
    1,
    1,
    0,
    2,
    1,
    1,
    1,
    1,
    1,
    0,
    0,
    1,
    2,
    0,
    3,
    1,
    0,
    1,
    0,
    2,
    0,
    3,
    2,
    2,
    1,
    1,
    1,
    2,
    1,
    3,
    2,
    0,
    1,
    0,
    1,
    1,
    1,
    1,
    1,
    0,
    1,
    2,
    0,
    0,
    2,
    1,
    1,
    1,
    3,
    0,
    2,
    1,
    1,
    2,
    1,
    2,
    2,
    0,
    1,
    1,
    1,
    2,
    2,
    1,
    1,
    1,
    1,
    0,
    1,
    0,
    1,
    3,
    0,
    2,
    0,
    0,
    2,
    0,
    1,
    1,
    2,
    2,
    0,
    0,
    0,
    0,
    0,
    0,
    3,
    1,
    3,
    1,
    1,
    3,
    2,
    2,
    2,
    0,
    3,
    3,
    3,
    3,
    3,
    3,
    0,
    1,
    1,
    2,
    0,
    1,
    3,
    2,
    3,
    2,
    2,
    2,
    2,
    2,
    2,
    3,
    3,
    3,
    1,
    1,
    1,
    1,
    1,
    1,
    2,
    2,
    3,
    2,
    1,
    2,
    3,
    2,
    1,
    3,
    0,
    3,
    2,
    1,
    0,
    0,
    2,
    0,
    1,
    1,
    1,
    1,
    0,
    0,
    0,
    2,
    1,
    3,
    3,
    0,
    1,
    3,
    1,
    1,
    1,
    3,
    1
  ],
  "probabilities": [
    [
      0.026889972339642545,
      0.016017780644265147,
      0.9390616449268492,
      0.01803060208924347
    ],
    [
      0.04732245092882128,
      0.017168388301178145,
      0.9191997922981776,
      0.01630936847182297
    ],
    [
      0.036445797778783325,
      0.017161229091072434,
      0.9251794990323714,
      0.021213474097772453
    ],
    [
      0.1753463193085246,
      0.04300752647794697,
      0.6940669011862743,
      0.08757925302725468
    ],
    [
      0.06339931590751986,
      0.022074103441722868,
      0.8813737421679425,
      0.033152838482814535
    ],
    [
      0.09417023847257364,
      0.028122187589120336,
      0.8251678087617149,
      0.05253976517659097
    ],
    [
      0.14631211480860942,
      0.03841927705020703,
      0.7327342669590687,
      0.0825343411821144
    ],
    [
      0.18376933437268986,
      0.04006861886169127,
      0.7031750667779378,
      0.07298697998768076
    ],
    [
      0.03885318130168717,
      0.0072551065210384215,
      0.9509735445131661,
      0.0029181676641083718
    ],
    [
      0.09177797908493902,
      0.018633652890854113,
      0.8717621052018892,
      0.017826262822317866
    ],
    [
      0.041148620409335354,
      0.011629159181369794,
      0.9380441816977882,
      0.009178038711506452
    ],
    [
      0.05528713453018122,
      0.012369504301684335,
      0.9243627455160791,
      0.007980615652055373
    ],
    [
      0.16975167153668538,
      0.022702680447765255,
      0.7982776116083836,
      0.009268036407165794
    ],
    [
      0.21383078716923956,
      0.04826311825783093,
      0.6718100059802765,
      0.0660960885926529
    ],
    [
      0.0684567786424669,
      0.04147118058736694,
      0.8466070702960781,
      0.04346497047408825
    ],
    [
      0.07853453968765797,
      0.020745138423761,
      0.8695862985484518,
      0.031134023340129078
    ],
    [
      0.10418779538236102,
      0.047511242162217894,
      0.8105213711321169,
      0.0377795913233041
    ],
    [
      0.05933404837816561,
      0.011683182085958305,
      0.9215005995364378,
      0.007482169999437991
    ],
    [
      0.09889067961126868,
      0.018356617381714253,
      0.8700162725883447,
      0.012736430418672269
    ],
    [
      0.10626976548068276,
      0.050197946368648265,
      0.8032576138780779,
      0.040274674272591376
    ],
    [
      0.1897494562426399,
      0.7504063411325678,
      0.04494105134311909,
      0.01490315128167303
    ],
    [
      0.1593888404599505,
      0.022300056356048537,
      0.801194935392416,
      0.017116167791584844
    ],
    [
      0.3397356698731187,
      0.5599762072782649,
      0.028538135723377746,
      0.07174998712523867
    ],
    [
      0.6901391805885093,
      0.12450662475076657,
      0.0472890368352625,
      0.13806515782546133
    ],
    [
      0.05071394356766071,
      0.8334645086380473,
      0.002205290529705726,
      0.11361625726458648
    ],
    [
      0.13781723446049435,
      0.36583709754272364,
      0.0023434919854070477,
      0.49400217601137514
    ],
    [
      0.12337734680944831,
      0.8410553963378276,
      0.011004148743383922,
      0.024563108109340096
    ],
    [
      0.04800899875484931,
      0.6447073929197586,
      0.006960369495198208,
      0.3003232388301945
    ],
    [
      0.028083618839865356,
      0.9194876593139405,
      0.003011858386325029,
      0.049416863459869065
    ],
    [
      0.12256690405720484,
      0.8244591817570589,
      0.011702810201987414,
      0.04127110398374902
    ],
    [
      0.20180072169889293,
      0.7408193826092704,
      0.009350886052445275,
      0.04802900963939144
    ],
    [
      0.05064207084661214,
      0.8549471174164613,
      0.0033780947197443643,
      0.09103271701718214
    ],
    [
      0.0462331411996975,
      0.8631426937908316,
      0.0036363231518637103,
      0.08698784185760701
    ],
    [
      0.04055404766720045,
      0.7759417892205429,
      0.004386273243418758,
      0.17911788986883764
    ],
    [
      0.02867651813741048,
      0.8989358288649751,
      0.004186385118020687,
      0.06820126787959366
    ],
    [
      0.04072683305936502,
      0.7313521311148158,
      0.006924396156273102,
      0.2209966396695461
    ],
    [
      0.052298303381668916,
      0.6559527299036474,
      0.009488135703719211,
      0.2822608310109646
    ],
    [
      0.06707010566437561,
      0.24225174497775104,
      0.013584424857952495,
      0.6770937244999211
    ],
    [
      0.08241856472619545,
      0.28125905185542827,
      0.013405218625288142,
      0.6229171647930883
    ],
    [
      0.5053133165122833,
      0.21266998474362134,
      0.11139487705721818,
      0.1706218216868771
    ],
    [
      0.17282723780780787,
      0.02362513816045985,
      0.7895510492509767,
      0.013996574780755612
    ],
    [
      0.1594591811541474,
      0.024824694381970012,
      0.7963498087315529,
      0.01936631573232989
    ],
    [
      0.3187415048070043,
      0.02742695885905996,
      0.6344392429091474,
      0.0193922934247881
    ],
    [
      0.5628151876635508,
      0.12821579963499816,
      0.25899592124869036,
      0.04997309145276028
    ],
    [
      0.6386837216260042,
      0.14219420316148085,
      0.1589116759028594,
      0.06021039930965572
    ],
    [
      0.5195137247468201,
      0.09798568069109666,
      0.33196779892884365,
      0.050532795633239626
    ],
    [
      0.5358877742006153,
      0.12346661528585906,
      0.307224125807589,
      0.0334214847059366
    ],
    [
      0.5533985394254878,
      0.10678306398112988,
      0.27942379191768324,
      0.06039460467569921
    ],
    [
      0.04398322138463444,
      0.008073552791220516,
      0.9446963751456677,
      0.003246850678477486
    ],
    [
      0.4236026829725806,
      0.07026189323256647,
      0.4867757129840197,
      0.01935971081083308
    ],
    [
      0.1288582952959339,
      0.017015397857225816,
      0.8479658200027202,
      0.006160486844119933
    ],
    [
      0.19166602709013994,
      0.02447473483049757,
      0.7750357516143205,
      0.008823486465041903
    ],
    [
      0.19850075556230046,
      0.03313267462889456,
      0.7333276591943515,
      0.035038910614453904
    ],
    [
      0.5603785946658112,
      0.1249091326561198,
      0.2927801915961342,
      0.021932081081934923
    ],
    [
      0.15769580493969326,
      0.07648634906090346,
      0.7160873878804748,
      0.04973045811892815
    ],
    [
      0.03273764904275598,
      0.9022099434759818,
      0.003945102722267721,
      0.06110730475899447
    ],
    [
      0.05501732690182643,
      0.8312771107651911,
      0.003226653564867923,
      0.11047890876811459
    ],
    [
      0.04963648051056,
      0.6774758135513946,
      0.007527311959402661,
      0.2653603939786426
    ],
    [
      0.07279615643797524,
      0.9029108625384549,
      0.005998361965012105,
      0.018294619058557716
    ],
    [
      0.03269412653685851,
      0.9024361090163512,
      0.004505223739857956,
      0.06036454070693258
    ],
    [
      0.03037809590590503,
      0.9024659002426847,
      0.005985508402825964,
      0.0611704954485841
    ],
    [
      0.04141195625078741,
      0.8655376009646062,
      0.005563901728724255,
      0.087486541055882
    ],
    [
      0.06033694791067539,
      0.8985040157810896,
      0.003683724921708478,
      0.03747531138652643
    ],
    [
      0.17739106063295731,
      0.6813225605814752,
      0.010959728139562764,
      0.13032665064600502
    ],
    [
      0.06524965187164634,
      0.7690178519772637,
      0.0027636975847027045,
      0.162968798566387
    ],
    [
      0.03788240085553522,
      0.637018346505598,
      0.00866056440674723,
      0.3164386882321198
    ],
    [
      0.08386121362515112,
      0.27699675026712367,
      0.01789796564358627,
      0.6212440704641393
    ],
    [
      0.09691024920624391,
      0.7786473818213447,
      0.008855180122691592,
      0.11558718884971982
    ],
    [
      0.12206926526719038,
      0.7836363473311545,
      0.024459663551177204,
      0.06983472385047812
    ],
    [
      0.12222108129430079,
      0.8158383099651864,
      0.01792506594546271,
      0.04401554279504982
    ],
    [
      0.2859982315758448,
      0.666375786367706,
      0.021946456331219406,
      0.025679525725230152
    ],
    [
      0.4559600899059945,
      0.45997504605256473,
      0.057730566245297245,
      0.026334297796143415
    ],
    [
      0.11487038547942431,
      0.8438223912241196,
      0.021296781834131362,
      0.020010441462324793
    ],
    [
      0.0464358086556374,
      0.22648544387485608,
      0.0019302731861209931,
      0.7251484742833859
    ],
    [
      0.057330440076357764,
      0.1502007759621758,
      0.001418575099128691,
      0.7910502088623377
    ],
    [
      0.10860310417582715,
      0.8354242067548511,
      0.004244778500825771,
      0.051727910568495905
    ],
    [
      0.058237741307097975,
      0.9064720236078787,
      0.002881012193208729,
      0.0324092228918146
    ],
    [
      0.11893837638484268,
      0.757643897981054,
      0.003540701532310377,
      0.11987702410179303
    ],
    [
      0.4492395473616405,
      0.4422053729482487,
      0.05399966546245657,
      0.05455541422765452
    ],
    [
      0.621697319990252,
      0.2648329286314863,
      0.018181737583897448,
      0.09528801379436418
    ],
    [
      0.08207475815860038,
      0.28341314495895,
      0.018309347410317388,
      0.6162027494721322
    ],
    [
      0.2701517894871345,
      0.6210896734191457,
      0.01159545777154037,
      0.09716307932217978
    ],
    [
      0.7136620032261359,
      0.10831215816456517,
      0.14812141957546865,
      0.02990441903383036
    ],
    [
      0.25463866275033953,
      0.03585965247879574,
      0.6802781076007459,
      0.02922357717011835
    ],
    [
      0.3292907457852428,
      0.03409109893673152,
      0.6242644182099186,
      0.012353737068106817
    ],
    [
      0.6503051105588288,
      0.23612844122218485,
      0.016627613439100696,
      0.09693883477988556
    ],
    [
      0.6805011167477018,
      0.12399975604790545,
      0.12081362157684686,
      0.07468550562754607
    ],
    [
      0.8184579910023391,
      0.07425481740524628,
      0.024396748386606402,
      0.0828904432058084
    ],
    [
      0.7774592901715213,
      0.12824211998341667,
      0.028023595520504475,
      0.06627499432455776
    ],
    [
      0.7081392932695308,
      0.13761810631978294,
      0.04852789194313724,
      0.10571470846754893
    ],
    [
      0.3655775997480303,
      0.0878280737794299,
      0.008751872342861117,
      0.5378424541296783
    ],
    [
      0.7390972215200949,
      0.05733360141763046,
      0.1748015733387325,
      0.02876760372354189
    ],
    [
      0.1093414180941216,
      0.015354712978401354,
      0.8673992636322433,
      0.00790460529523361
    ],
    [
      0.828059918433552,
      0.059002221873718064,
      0.05831316942875569,
      0.0546246902639741
    ],
    [
      0.602201270603753,
      0.055224841828404043,
      0.3064477649418974,
      0.036126122625945514
    ],
    [
      0.737754511987687,
      0.14053026350809775,
      0.055295137227379776,
      0.06642008727683542
    ],
    [
      0.3855113096447983,
      0.04222038583075125,
      0.5455249311534667,
      0.02674337337098368
    ],
    [
      0.08475910675632341,
      0.8529731923035896,
      0.00708997051120299,
      0.05517773042888411
    ],
    [
      0.03651917633118086,
      0.8899865133626667,
      0.003973873658181445,
      0.06952043664797107
    ],
    [
      0.06721892242587457,
      0.3806390286740367,
      0.0015717587422048036,
      0.5505702901578837
    ],
    [
      0.23371415442805776,
      0.6763066020870406,
      0.020496108363969204,
      0.06948313512093275
    ],
    [
      0.15749869189233665,
      0.7710772593156757,
      0.055260296232786325,
      0.016163752559201217
    ],
    [
      0.05454286460145301,
      0.8180882865185425,
      0.002948846747358827,
      0.1244200021326457
    ],
    [
      0.07655614599026359,
      0.830851677356292,
      0.010817125705954278,
      0.08177505094749044
    ],
    [
      0.05313860521331145,
      0.7119766855820383,
      0.01359323651884803,
      0.22129147268580213
    ],
    [
      0.09670719691111518,
      0.4619598794162819,
      0.017974749964768163,
      0.42335817370783435
    ],
    [
      0.051527494643462346,
      0.04215432642184098,
      0.8493348813593651,
      0.05698329757533105
    ],
    [
      0.02212516263151043,
      0.011529549736265835,
      0.9574121207763479,
      0.008933166855875809
    ],
    [
      0.11775438018906575,
      0.023394348981579983,
      0.8317924400797763,
      0.027058830749578065
    ],
    [
      0.19137643019405684,
      0.025958084084866412,
      0.7700656691151483,
      0.012599816605928528
    ],
    [
      0.2663557037654028,
      0.31160281378285265,
      0.006769804402557149,
      0.4152716780491871
    ],
    [
      0.7785286892485046,
      0.08702044536262808,
      0.029300259244268503,
      0.10515060614459883
    ],
    [
      0.7374028761917474,
      0.17980012696101313,
      0.03098970947992088,
      0.05180728736731854
    ],
    [
      0.8414116081280048,
      0.0555694112092938,
      0.07293411203890811,
      0.030084868623793174
    ],
    [
      0.40334100603668743,
      0.5359171156333173,
      0.016644812571634467,
      0.04409706575836081
    ],
    [
      0.8154783892060127,
      0.10208942964398607,
      0.026842538969170583,
      0.05558964218083068
    ],
    [
      0.7169082031599774,
      0.17272700770567528,
      0.024582791549954106,
      0.0857819975843932
    ],
    [
      0.7160693264876332,
      0.16095775826713116,
      0.024886617591364634,
      0.09808629765387102
    ],
    [
      0.8467060813692074,
      0.0943242859863463,
      0.01123517805702263,
      0.0477344545874236
    ],
    [
      0.8434768904100769,
      0.07376348909225522,
      0.02007173308206993,
      0.06268788741559787
    ],
    [
      0.81089090401323,
      0.08951890874031895,
      0.025574402106529486,
      0.07401578513992117
    ],
    [
      0.7411954545154517,
      0.15989591743105666,
      0.029458371796242853,
      0.06945025625724852
    ],
    [
      0.6853141797610627,
      0.14990816405505383,
      0.036446950649942744,
      0.12833070553394063
    ],
    [
      0.756788623478857,
      0.13984422928810056,
      0.031132727542635366,
      0.07223441969040709
    ],
    [
      0.8475730467821307,
      0.0813090400836315,
      0.017070903511862325,
      0.05404700962237555
    ],
    [
      0.5767527786170499,
      0.28338883976184365,
      0.023721044268187632,
      0.11613733735291908
    ],
    [
      0.7762433486677394,
      0.1094574959810665,
      0.03389999172162486,
      0.08039916362956914
    ],
    [
      0.42516430462179505,
      0.4978491948222543,
      0.019765994708608202,
      0.05722050584734255
    ],
    [
      0.749893159864322,
      0.135905631599547,
      0.08647349535275481,
      0.027727713183375996
    ],
    [
      0.5347865369907925,
      0.36446102823156495,
      0.05481572461172495,
      0.04593671016591757
    ],
    [
      0.13760146594581293,
      0.8166587087121644,
      0.013635710163079282,
      0.032104115178943474
    ],
    [
      0.16211030673186003,
      0.7711949762022868,
      0.016368432372213814,
      0.050326284693639235
    ],
    [
      0.06715532150205485,
      0.1782082476240189,
      0.004686363920411291,
      0.7499500669535153
    ],
    [
      0.12125520360220961,
      0.8435437102658472,
      0.019810202890319244,
      0.01539088324162385
    ],
    [
      0.03807113462735214,
      0.9141108146338923,
      0.0021684109223788646,
      0.04564963981637667
    ],
    [
      0.0772283956821656,
      0.6448463814688233,
      0.0024566589985979556,
      0.27546856385041296
    ],
    [
      0.03297074506550043,
      0.9379767804796186,
      0.002752928560881421,
      0.02629954589399993
    ],
    [
      0.05546794238423587,
      0.8841340220034829,
      0.005032646820384969,
      0.05536538879189626
    ],
    [
      0.053347316475692505,
      0.8837022317748257,
      0.0025294352147910426,
      0.060421016534690654
    ],
    [
      0.043761502866244945,
      0.7575664773531092,
      0.006642831548707968,
      0.19202918823193774
    ],
    [
      0.06959901632557874,
      0.9025432839640077,
      0.004678943446235613,
      0.023178756264177758
    ],
    [
      0.042802900979834246,
      0.6087491912318778,
      0.005897664386423382,
      0.3425502434018644
    ],
    [
      0.031026441564486702,
      0.7218880184473271,
      0.004379243922897443,
      0.24270629606528882
    ],
    [
      0.05852553812907125,
      0.04030303758535167,
      0.8582328591517838,
      0.04293856513379318
    ],
    [
      0.02052291721068124,
      0.008241154833310522,
      0.9666667767620888,
      0.004569151193919381
    ],
    [
      0.0800713666755161,
      0.013611745355434426,
      0.8994722627263522,
      0.006844625242697088
    ],
    [
      0.04823964834426357,
      0.01712649445732178,
      0.9138917136865758,
      0.020742143511838864
    ],
    [
      0.08270219908125438,
      0.03160963605904987,
      0.863736473551264,
      0.021951691308431713
    ],
    [
      0.024244789288746335,
      0.007978588138974401,
      0.963348290789443,
      0.004428331782836324
    ],
    [
      0.09877832003210839,
      0.04522560745520118,
      0.818780447074185,
      0.037215625438505574
    ],
    [
      0.03337784787447878,
      0.011544143358719665,
      0.9451625428805491,
      0.009915465886252615
    ],
    [
      0.16796633305412598,
      0.03164612047821312,
      0.7557696454344138,
      0.044617901033247066
    ],
    [
      0.10096785414135591,
      0.014630114187397545,
      0.8752112841075314,
      0.009190747563714833
    ],
    [
      0.07428900584095627,
      0.043894961178392075,
      0.8406379294489587,
      0.041178103531693454
    ],
    [
      0.32521726500626785,
      0.5454335443160068,
      0.11555428677912849,
      0.013794903898596928
    ],
    [
      0.5732286726121266,
      0.3157475404323669,
      0.09137390611568841,
      0.01964988083981782
    ],
    [
      0.0344588905178075,
      0.29303119870771027,
      0.0036153641555807443,
      0.6688945466189016
    ],
    [
      0.07789187195714113,
      0.09082499002257705,
      0.0018941344113074297,
      0.8293890036089744
    ],
    [
      0.06562328920926531,
      0.16060552800471542,
      0.0029651187705095738,
      0.7708060640155094
    ],
    [
      0.3268902155806497,
      0.29283243389389546,
      0.013175480283809727,
      0.3671018702416452
    ],
    [
      0.024653909725553137,
      0.916134467613244,
      0.0021952519853845683,
      0.057016370675818495
    ],
    [
      0.15050262614392176,
      0.32253076479971876,
      0.002951431140930959,
      0.5240151779154281
    ],
    [
      0.024739141719742987,
      0.38841566784787923,
      0.0020408953821873846,
      0.5848042950501904
    ],
    [
      0.40201086634034794,
      0.22668122674203384,
      0.0108727657455957,
      0.3604351411720223
    ],
    [
      0.425101215699079,
      0.0750351113711835,
      0.36879686380104726,
      0.13106680912869012
    ],
    [
      0.16589785952384392,
      0.12815853995689092,
      0.009981371185240171,
      0.6959622293340251
    ],
    [
      0.10212905312628881,
      0.5532618317576997,
      0.002440502014659784,
      0.342168613101352
    ],
    [
      0.059168342995355006,
      0.05577588784347222,
      0.780289880377344,
      0.10476588878382871
    ],
    [
      0.08718187092433881,
      0.3788781638115127,
      0.0037993660513263527,
      0.5301405992128221
    ],
    [
      0.058132628787031945,
      0.25943711699213434,
      0.0023272922237170934,
      0.6801029619971165
    ],
    [
      0.6250196494014749,
      0.20417152423060314,
      0.026898986592527357,
      0.14390983977539454
    ],
    [
      0.11052956002881227,
      0.09403766216989658,
      0.005692534010281664,
      0.7897402437910094
    ],
    [
      0.040705131203573816,
      0.0439202674375321,
      0.8792842891679312,
      0.03609031219096269
    ],
    [
      0.16559609819464308,
      0.054350433928996314,
      0.7098680540165697,
      0.07018541385979088
    ],
    [
      0.045998007513355775,
      0.2924394845245443,
      0.00165869216404096,
      0.659903815798059
    ],
    [
      0.5543344169763916,
      0.09578333370192849,
      0.13030934304547162,
      0.21957290627620815
    ],
    [
      0.5680009946892176,
      0.2414025440547714,
      0.03597268896447435,
      0.1546237722915364
    ],
    [
      0.14216855414107307,
      0.07973980440059845,
      0.007210536439728749,
      0.7708811050185999
    ],
    [
      0.05336838368651654,
      0.3048722765133005,
      0.0017499593299172842,
      0.6400093804702659
    ],
    [
      0.09962202250490931,
      0.22029734351545463,
      0.0015770333236215337,
      0.6785036006560147
    ],
    [
      0.2600368136397931,
      0.13547454927495783,
      0.016071293002139473,
      0.5884173440831095
    ],
    [
      0.32450038958013455,
      0.09620009214030999,
      0.13239421081312105,
      0.4469053074664345
    ],
    [
      0.07587656417834138,
      0.7608273529801263,
      0.002429693662743791,
      0.1608663891787886
    ],
    [
      0.049554189528291964,
      0.2379247430055941,
      0.005205550053444055,
      0.7073155174126698
    ],
    [
      0.08782746440645431,
      0.28293326035996275,
      0.0011878317493718535,
      0.6280514434842109
    ],
    [
      0.033566720238091076,
      0.01994099291380472,
      0.9332564946168308,
      0.013235792231273417
    ],
    [
      0.4391312518754924,
      0.2340691212738382,
      0.013430250457811701,
      0.31336937639285767
    ],
    [
      0.03126684051177115,
      0.020639128574937066,
      0.9350549136825409,
      0.013039117230750977
    ],
    [
      0.27274342224038023,
      0.5688123873987132,
      0.036772890916990084,
      0.12167129944391646
    ],
    [
      0.03680646285802303,
      0.9098686973706673,
      0.0023393990960715724,
      0.050985440675237984
    ],
    [
      0.6431139531099898,
      0.2043394956848829,
      0.007999791323765501,
      0.14454675988136187
    ],
    [
      0.705325076659199,
      0.11020258550735824,
      0.11165029474329269,
      0.07282204309015021
    ],
    [
      0.10979678525073394,
      0.7776167888096658,
      0.02161258344278429,
      0.0909738424968157
    ],
    [
      0.038510352658855065,
      0.039814427102873536,
      0.8904436234370113,
      0.031231596801260024
    ],
    [
      0.027833102646453944,
      0.024942928694801962,
      0.9250565856870813,
      0.02216738297166246
    ],
    [
      0.027401455278063695,
      0.019795307814828994,
      0.9315211474674824,
      0.02128208943962479
    ],
    [
      0.034615079921954686,
      0.024028693165173535,
      0.9251798664042018,
      0.016176360508670034
    ],
    [
      0.09315505849014553,
      0.026882051709363138,
      0.8344641254905835,
      0.04549876430990784
    ],
    [
      0.21393115773744767,
      0.06055745503399185,
      0.6217811163022742,
      0.10373027092628613
    ],
    [
      0.039737127468369486,
      0.024128352545004252,
      0.9150325727045524,
      0.021101947282073916
    ],
    [
      0.05406319715313721,
      0.029193378335129205,
      0.8732588996210068,
      0.04348452489072682
    ],
    [
      0.34541809281308217,
      0.13236162933218534,
      0.015346417560171216,
      0.5068738602945614
    ],
    [
      0.12132411529902974,
      0.1822705107370558,
      0.0017214098082248444,
      0.6946839641556896
    ],
    [
      0.07192202369794624,
      0.16702705965853618,
      0.0010408636750506906,
      0.7600100529684668
    ],
    [
      0.11549580157824887,
      0.11526809475999361,
      0.0014092849769147488,
      0.7678268186848428
    ],
    [
      0.10914127824380923,
      0.09248479074277316,
      0.0014437178395272825,
      0.7969302131738902
    ],
    [
      0.3599137157908805,
      0.4239300958644338,
      0.014132572577229002,
      0.2020236157674568
    ],
    [
      0.2877994767410847,
      0.06004730813178214,
      0.5162874568499503,
      0.13586575827718284
    ],
    [
      0.35666823585159585,
      0.11707823174494356,
      0.07231745964992836,
      0.45393607275353237
    ],
    [
      0.0732603713350912,
      0.34851337888935296,
      0.0013647979204521354,
      0.5768614518551036
    ],
    [
      0.16285154289906578,
      0.1457900523701242,
      0.005483935460793507,
      0.6858744692700163
    ],
    [
      0.11715107820999357,
      0.12354810604066539,
      0.0022703847686597195,
      0.7570304309806815
    ],
    [
      0.08356677121689653,
      0.08733809776482458,
      0.0015718033135203777,
      0.8275233277047584
    ],
    [
      0.0894494967655359,
      0.33718525209597483,
      0.005784159636510319,
      0.5675810915019789
    ],
    [
      0.07336701580039548,
      0.341167826522364,
      0.011989330669317342,
      0.5734758270079231
    ],
    [
      0.16711085616355767,
      0.5088312260213573,
      0.003909660998618015,
      0.3201482568164672
    ],
    [
      0.30430657950905,
      0.2756416249369508,
      0.014720837408334683,
      0.4053309581456648
    ],
    [
      0.48886986232331614,
      0.23798987082995268,
      0.04221389319433558,
      0.23092637365239554
    ],
    [
      0.1584820171150103,
      0.6506995968955698,
      0.006466697776280972,
      0.18435168821313902
    ],
    [
      0.4293961261671394,
      0.43426660790103194,
      0.0172107604083003,
      0.11912650552352841
    ],
    [
      0.3660654895329686,
      0.44914585976937527,
      0.007786886102235799,
      0.17700176459542047
    ],
    [
      0.21160183448690467,
      0.7308018864833721,
      0.014817863401689224,
      0.04277841562803399
    ],
    [
      0.1674895960291205,
      0.25944293716491645,
      0.006879297569428773,
      0.5661881692365341
    ],
    [
      0.19989966627264175,
      0.7503789191671343,
      0.026123714450593416,
      0.023597700109630373
    ],
    [
      0.044553162005916934,
      0.893648694422094,
      0.0020522126772248538,
      0.05974593089476396
    ],
    [
      0.07455692151236865,
      0.5839582896215751,
      0.0020996709264780385,
      0.3393851179395782
    ],
    [
      0.03839919955145573,
      0.8856655192126824,
      0.0025010522992520864,
      0.07343422893660982
    ],
    [
      0.06028636395211036,
      0.4887051642280233,
      0.0016400424802336098,
      0.44936842933963295
    ],
    [
      0.19756831448541073,
      0.6573708088161385,
      0.005667031216293766,
      0.13939384548215705
    ],
    [
      0.05373595318143593,
      0.9251163209918103,
      0.004276524627811503,
      0.0168712011989423
    ],
    [
      0.04353212980087769,
      0.6730534413412665,
      0.0030254948154877894,
      0.280388934042368
    ],
    [
      0.40555437686380763,
      0.11842639820618463,
      0.2918403203328207,
      0.18417890459718703
    ],
    [
      0.4882273588965196,
      0.12979644054145711,
      0.01945830480613516,
      0.3625178957558882
    ],
    [
      0.09102880694785688,
      0.2016421590769419,
      0.0015647655076629638,
      0.7057642684675386
    ],
    [
      0.4904805903198234,
      0.35118935673697926,
      0.028744028879001873,
      0.12958602406419564
    ],
    [
      0.09049018857348506,
      0.8050224217954022,
      0.002953034156311799,
      0.10153435547480123
    ],
    [
      0.609401331822665,
      0.1696778179941689,
      0.1117978973756505,
      0.10912295280751552
    ],
    [
      0.05357471244811803,
      0.04589040438770141,
      0.8303808594453118,
      0.07015402371886865
    ],
    [
      0.05025206130768922,
      0.3074980732682894,
      0.0054418606333872105,
      0.6368080047906343
    ],
    [
      0.18517995468333037,
      0.7558823616992654,
      0.008805752388616472,
      0.05013193122878771
    ],
    [
      0.22151641147510712,
      0.4090890479592761,
      0.00566938463804671,
      0.36372515592756993
    ],
    [
      0.09840219482831593,
      0.7570536932784064,
      0.0027298701370833123,
      0.1418142417561943
    ],
    [
      0.06248581402210305,
      0.26502071048244547,
      0.014536324739496922,
      0.6579571507559547
    ],
    [
      0.6769607532407426,
      0.24049743812334434,
      0.01998395990858008,
      0.06255784872733308
    ],
    [
      0.273431078756584,
      0.2501650709155118,
      0.005913765247181149,
      0.47049008508072293
    ],
    [
      0.594407406543311,
      0.24084097403244653,
      0.058125253895301696,
      0.1066263655289412
    ],
    [
      0.06063767641126398,
      0.6114513102587842,
      0.002949967927687022,
      0.3249610454022649
    ],
    [
      0.14965919713000939,
      0.3247004861906548,
      0.002126231798698702,
      0.5235140848806371
    ],
    [
      0.06102989901429487,
      0.2196225818689682,
      0.0018622516213802065,
      0.7174852674953563
    ],
    [
      0.6208481735179462,
      0.10913647497639482,
      0.06759988241099639,
      0.2024154690946628
    ],
    [
      0.24310096173006368,
      0.29355076705381167,
      0.009010512652555758,
      0.454337758563569
    ],
    [
      0.5086753606527104,
      0.04682036996885964,
      0.404956660556614,
      0.03954760882181574
    ],
    [
      0.018008888708877856,
      0.007337341594179525,
      0.9711815453542824,
      0.0034722243426601445
    ],
    [
      0.6916487702243116,
      0.11508219744505399,
      0.1286232660549073,
      0.06464576627572703
    ],
    [
      0.23272787907759282,
      0.36973134987282014,
      0.19520001766627731,
      0.20234075338330948
    ],
    [
      0.11909050660368121,
      0.2656443265080675,
      0.021039095488180892,
      0.5942260714000702
    ],
    [
      0.10235277402508068,
      0.2517530780493787,
      0.02480219533752446,
      0.6210919525880162
    ],
    [
      0.3765564161744327,
      0.06316518883240096,
      0.5099580966170352,
      0.05032029837613122
    ],
    [
      0.11292036824494554,
      0.1769043549928464,
      0.002005745185492912,
      0.7081695315767149
    ],
    [
      0.5055991063806871,
      0.1868207953861626,
      0.04087997308722206,
      0.26670012514592856
    ],
    [
      0.26009238233335585,
      0.652673492936911,
      0.052056424481565305,
      0.035177700248168076
    ],
    [
      0.4058207020211935,
      0.11117945814700678,
      0.3098906600697516,
      0.17310917976204798
    ],
    [
      0.180355717947198,
      0.3135457123640522,
      0.0036309182451765404,
      0.5024676514435734
    ],
    [
      0.047273004996415194,
      0.040816849399398746,
      0.8729846478158932,
      0.03892549778829283
    ],
    [
      0.4551390862935908,
      0.167436750482534,
      0.043923865749039684,
      0.3335002974748354
    ],
    [
      0.6813991823279032,
      0.1731888492560016,
      0.04118859291519984,
      0.10422337550089568
    ],
    [
      0.6325286015527877,
      0.15014320461853017,
      0.158263810371658,
      0.05906438345702395
    ],
    [
      0.5424891676152587,
      0.18863464880325234,
      0.061009833466221595,
      0.2078663501152675
    ],
    [
      0.14120395405918212,
      0.7215377105049735,
      0.004458150676450373,
      0.13280018475939412
    ],
    [
      0.5999218042046925,
      0.1836826085176353,
      0.1099241112733784,
      0.10647147600429385
    ],
    [
      0.42591113741057823,
      0.27097703939883433,
      0.013436696942468044,
      0.28967512624811975
    ],
    [
      0.09030883842763933,
      0.884084374740757,
      0.007927753552218355,
      0.017679033279385317
    ],
    [
      0.11241822902085019,
      0.5117533930347244,
      0.0031429204210150726,
      0.37268545752341037
    ],
    [
      0.5747740340345788,
      0.3062045740130643,
      0.07203351740204923,
      0.04698787455030817
    ],
    [
      0.03343313452343329,
      0.015357531141352031,
      0.9374648759733771,
      0.013744458361837653
    ],
    [
      0.23075305617134137,
      0.7200661635289987,
      0.02590403978457701,
      0.023276740515083195
    ],
    [
      0.09255263298058652,
      0.8841130599223732,
      0.012690470193933547,
      0.010643836903106807
    ],
    [
      0.571028611011676,
      0.300000847590566,
      0.08825038038390998,
      0.04072016101384788
    ],
    [
      0.2988210523246183,
      0.06726660498982952,
      0.5519239107607592,
      0.08198843192479317
    ],
    [
      0.10777851828255404,
      0.6117805254923433,
      0.003180596842306877,
      0.2772603593827955
    ],
    [
      0.12121541647971958,
      0.84695355640929,
      0.016837744777580523,
      0.014993282333409552
    ],
    [
      0.07846844951655017,
      0.8942002759413953,
      0.009415858601232065,
      0.01791541594082248
    ],
    [
      0.08703022333399998,
      0.8862903904621207,
      0.011086386304497922,
      0.015592999899381732
    ],
    [
      0.10508309240876322,
      0.8645459047975671,
      0.018187585266667836,
      0.012183417527001717
    ],
    [
      0.6061561393486729,
      0.13990393165363726,
      0.18581377530904816,
      0.06812615368864143
    ],
    [
      0.48065708856262235,
      0.07559698503196721,
      0.37777087022620365,
      0.06597505617920699
    ],
    [
      0.344163066903951,
      0.4225181380991495,
      0.15624944996582726,
      0.0770693450310722
    ],
    [
      0.3249336958146985,
      0.056508113289596755,
      0.545068251541274,
      0.07348993935443034
    ],
    [
      0.4058721326615171,
      0.49825412346353465,
      0.030215877419977232,
      0.0656578664549711
    ],
    [
      0.09443743394277183,
      0.3852876562361548,
      0.0015529965685696615,
      0.5187219132525033
    ],
    [
      0.12706629075110576,
      0.7967899352214335,
      0.04525250243554389,
      0.030891271591916892
    ],
    [
      0.5813157485447513,
      0.22331792621477353,
      0.07389654229731497,
      0.12146978294316021
    ],
    [
      0.17327422244739513,
      0.7080083699737436,
      0.06960345359985333,
      0.0491139539790079
    ],
    [
      0.6182126284255859,
      0.22658711040361712,
      0.12237284606168969,
      0.03282741510910763
    ],
    [
      0.0941771770437906,
      0.028227159030269372,
      0.8555725248109274,
      0.022023139115012722
    ],
    [
      0.543665771678548,
      0.2820354113859524,
      0.04963097879153702,
      0.12466783814396278
    ],
    [
      0.13087356480238696,
      0.5379438608608355,
      0.003766131020727093,
      0.32741644331605074
    ],
    [
      0.02905302663837354,
      0.027479502339963272,
      0.9190087865288432,
      0.024458684492819915
    ],
    [
      0.22880160546433248,
      0.03726083419914029,
      0.6801360982876615,
      0.05380146204886549
    ],
    [
      0.08196284317685693,
      0.894444006111459,
      0.010320206129273203,
      0.013272944582411036
    ],
    [
      0.14174771458483115,
